// [103.680873975,30.9442549069],[ 103.68082003,30.9441058151],[ 103.682394215,30.9432233127],[ 103.682502488,30.9433778139],
    // [103.963205029,30.8397024158],[ 103.963245481,30.8397397419],[ 103.963415587,30.8402449032],[ 103.963256072,30.840071548],
    // [103.682539989,30.9431702066],[ 103.68288195,30.9429889929],[ 103.682904895,30.9430229839],[ 103.682565487,30.9432054506],
    // [103.619010074,30.9969242559],[103.619004912,30.9964195099],[103.619067281,30.9964579909],[103.619075059,30.996910211   ],
    // [103.619004912,30.9964195099],[103.618972523,30.9955591337],[103.619036107,30.9955958968],[103.619067281,30.9964579909  ],
    // [103.618972523,30.9955591337],[103.61897038,30.994613258],[103.619010187,30.9946138612],[103.619036107,30.9955958968    ],
    // [103.61897038,30.994613258],[103.618966476,30.9937481239],[103.618985067,30.9937529941],[103.619010187,30.9946138612    ],
    // [103.618966476,30.9937481239],[103.618903554,30.9928545562],[103.618923612,30.9928614798],[103.618985067,30.9937529941  ],
    // [103.618903554,30.9928545562],[103.618938564,30.9920395341],[103.618966023,30.9920492285],[103.618923612,30.9928614798  ],
    // [103.618938564,30.9920395341],[103.61923559,30.9914082254],[103.619268835,30.9914208016],[103.618966023,30.9920492285   ],
    // [103.61923559,30.9914082254],[103.61959779,30.990866784],[103.619641082,30.9908842394],[103.619268835,30.9914208016     ],
    // [103.61959779,30.990866784],[103.619908248,30.9902768394],[103.619957182,30.9902937171],[103.619641082,30.9908842394    ],
    // [103.619908248,30.9902768394],[103.620007468,30.9895635845],[103.620050335,30.9895720681],[103.619957182,30.9902937171  ],
    // [103.620007468,30.9895635845],[103.619972576,30.9887893769],[103.620025647,30.9888145047],[103.620050335,30.9895720681  ],
    // [103.619972576,30.9887893769],[103.620141341,30.9881053783],[103.620193931,30.9881301146],[103.620025647,30.9888145047  ],
    // [103.620141341,30.9881053783],[103.62042727,30.9876021984],[103.620478832,30.9876258018],[103.620193931,30.9881301146   ],
    // [103.62042727,30.9876021984],[103.620775996,30.9871954964],[103.620830129,30.9872189564],[103.620478832,30.9876258018   ],
    // [103.620775996,30.9871954964],[103.621220688,30.9867739761],[103.621281809,30.9868040315],[103.620830129,30.9872189564  ],
    // [103.621220688,30.9867739761],[103.621653859,30.9861368856],[103.621795599,30.9862165741],[103.621281809,30.9868040315  ],
    // [103.621653859,30.9861368856],[103.62230168,30.9855184127],[103.622399772,30.98559802],[103.621795599,30.9862165741     ],
    // [103.62230168,30.9855184127],[103.62294288,30.9849863372],[103.622965493,30.9850009142],[103.622399772,30.98559802      ],
    // [103.62294288,30.9849863372],[103.623287283,30.9844145731],[103.623306293,30.984423951],[103.622965493,30.9850009142    ],
    // [103.623287283,30.9844145731],[103.623570077,30.9838719305],[103.623593565,30.9838793441],[103.623306293,30.984423951   ],
    // [103.623570077,30.9838719305],[103.623755152,30.9833159987],[103.623779051,30.9833205805],[103.623593565,30.9838793441  ],
    // [103.623755152,30.9833159987],[103.62368091,30.9827076915],[103.623717584,30.9827082898],[103.623779051,30.9833205805   ],
    // [103.62368091,30.9827076915],[103.623501614,30.982134557],[103.623544522,30.9821339549],[103.623717584,30.9827082898    ],
    // [103.623501614,30.982134557],[103.623416264,30.9816562539],[103.623443812,30.9816580761],[103.623544522,30.9821339549   ],
    // [103.623416264,30.9816562539],[103.623404239,30.9813239115],[103.623433495,30.9813270965],[103.623443812,30.9816580761  ],
    // [103.623404239,30.9813239115],[103.623484739,30.9810587436],[103.623514621,30.9810630812],[103.623433495,30.9813270965  ],
    // [103.623484739,30.9810587436],[103.623609089,30.9807468061],[103.62364833,30.9807570728],[103.623514621,30.9810630812   ],
    // [103.623609089,30.9807468061],[103.623908958,30.9803708664],[103.623946345,30.9803831136],[103.62364833,30.9807570728   ],
    // [103.623908958,30.9803708664],[103.624304315,30.9799360117],[103.62434177,30.9799519838],[103.623946345,30.9803831136   ],
    // [103.624304315,30.9799360117],[103.624790379,30.9794432494],[103.624834887,30.9794692277],[103.62434177,30.9799519838   ],
    // [103.624790379,30.9794432494],[103.625140839,30.9786380044],[103.625164579,30.9786582573],[103.624834887,30.9794692277  ],
    // [103.625140839,30.9786380044],[103.625272154,30.9776445782],[103.625308062,30.9776623167],[103.625164579,30.9786582573  ],
    // [103.625272154,30.9776445782],[103.625383509,30.9768854979],[103.625432142,30.9769037233],[103.625308062,30.9776623167  ],
    // [103.625383509,30.9768854979],[103.625637581,30.9765280361],[103.625669463,30.9765416292],[103.625432142,30.9769037233  ],
    // [103.625637581,30.9765280361],[103.62585136,30.9762621911],[103.625882656,30.9762753111],[103.625669463,30.9765416292   ],
    // [103.62585136,30.9762621911],[103.626123692,30.9758740321],[103.626149723,30.9758847659],[103.625882656,30.9762753111   ],
    // [103.626123692,30.9758740321],[103.62627603,30.9749277534],[103.626300039,30.9749398482],[103.626149723,30.9758847659   ],
    // [103.62627603,30.9749277534],[103.626522448,30.9735370603],[103.626583058,30.9735489981],[103.626300039,30.9749398482   ],
    // [103.626522448,30.9735370603],[103.626867,30.97230738],[103.626916978,30.9723146712],[103.626583058,30.9735489981       ],
    // [103.626867,30.97230738],[103.626901987,30.9714961969],[103.62697155,30.9715048855],[103.626916978,30.9723146712        ],
    // [103.626901987,30.9714961969],[103.626918792,30.9707935625],[103.626994493,30.9708087444],[103.62697155,30.9715048855   ],
    // [103.626918792,30.9707935625],[103.627027264,30.9699111531],[103.627065623,30.9699234604],[103.626994493,30.9708087444  ],
    // [103.627027264,30.9699111531],[103.628109519,30.9684625269],[103.62815825,30.9684813289],[103.627065623,30.9699234604   ],
    // [103.628109519,30.9684625269],[103.62981878,30.9669509069],[103.629952479,30.9670369955],[103.62815825,30.9684813289    ],
    // [103.62981878,30.9669509069],[103.630913933,30.9660765784],[103.631102648,30.9662151095],[103.629952479,30.9670369955   ],
    // [103.630913933,30.9660765784],[103.631391017,30.9656734624],[103.631533381,30.9658025104],[103.631102648,30.9662151095  ],
    // [103.631391017,30.9656734624],[103.631691795,30.9654194283],[103.631781094,30.9655145811],[103.631533381,30.9658025104  ],
    // [103.631691795,30.9654194283],[103.631909442,30.9652511489],[103.631975018,30.9652849897],[103.631781094,30.9655145811  ],
    // [103.631909442,30.9652511489],[103.631987276,30.9651408197],[103.63203621,30.9651706954],[103.631975018,30.9652849897   ],
    // [103.631987276,30.9651408197],[103.632022878,30.9650558642],[103.632069861,30.9650796761],[103.63203621,30.9651706954   ],
    // [103.632022878,30.9650558642],[103.632076629,30.9649038313],[103.632117744,30.9649196665],[103.632069861,30.9650796761  ],
    // [103.632076629,30.9649038313],[103.632152928,30.9641346437],[103.632193638,30.9641419605],[103.632117744,30.9649196665  ],
    // [103.632152928,30.9641346437],[103.632137725,30.9625289251],[103.632190778,30.962534307],[103.632193638,30.9641419605   ],
    // [103.632137725,30.9625289251],[103.632253854,30.9612969312],[103.632287194,30.961308267],[103.632190778,30.962534307    ],
    // [103.632253854,30.9612969312],[103.632444703,30.9608919915],[103.632487394,30.9609118649],[103.632287194,30.961308267   ],
    // [103.632444703,30.9608919915],[103.632612332,30.9606156203],[103.632648517,30.9606408506],[103.632487394,30.9609118649  ],
    // [103.632612332,30.9606156203],[103.632853492,30.9603113213],[103.632881691,30.9603347523],[103.632648517,30.9606408506  ],
    // [103.632853492,30.9603113213],[103.633265955,30.9599148366],[103.633292659,30.9599407941],[103.632881691,30.9603347523  ],
    // [103.633265955,30.9599148366],[103.633746554,30.9594378126],[103.63378316,30.9594696103],[103.633292659,30.9599407941   ],
    // [103.633746554,30.9594378126],[103.634246708,30.958917038],[103.634281446,30.9589435012],[103.63378316,30.9594696103    ],
    // [103.634246708,30.958917038],[103.634677945,30.9582901182],[103.634720107,30.9583135121],[103.634281446,30.9589435012   ],
    // [103.634677945,30.9582901182],[103.635098983,30.9575992686],[103.635135612,30.9576119366],[103.634720107,30.9583135121  ],
    // [103.635098983,30.9575992686],[103.635398575,30.9569173816],[103.635443857,30.956927894],[103.635135612,30.9576119366   ],
    // [103.635398575,30.9569173816],[103.635420121,30.9562695624],[103.635461597,30.9562795485],[103.635443857,30.956927894   ],
    // [103.635420121,30.9562695624],[103.635388789,30.9556626975],[103.635438442,30.9556721684],[103.635461597,30.9562795485  ],
    // [103.635388789,30.9556626975],[103.635638436,30.9551293799],[103.63569993,30.9551575568],[103.635438442,30.9556721684   ],
    // [103.635638436,30.9551293799],[103.636176152,30.9547992152],[103.636222852,30.9548284342],[103.63569993,30.9551575568   ],
    // [103.636176152,30.9547992152],[103.636678986,30.9544839478],[103.636714915,30.9545139529],[103.636222852,30.9548284342  ],
    // [103.636678986,30.9544839478],[103.636985023,30.9541070301],[103.637044538,30.9541662703],[103.636714915,30.9545139529  ],
    // [103.636985023,30.9541070301],[103.637038704,30.9537403769],[103.637189018,30.953809317],[103.637044538,30.9541662703   ],
    // [103.637038704,30.9537403769],[103.637195383,30.9534499238],[103.637346902,30.9535531654],[103.637189018,30.953809317   ],
    // [103.637195383,30.9534499238],[103.637405223,30.9531808531],[103.637516828,30.9532593612],[103.637346902,30.9535531654  ],
    // [103.637405223,30.9531808531],[103.637563914,30.9529101692],[103.637631877,30.9529813565],[103.637516828,30.9532593612  ],
    // [103.637563914,30.9529101692],[103.637696902,30.9526383221],[103.637762892,30.9526853576],[103.637631877,30.9529813565  ],
    // [103.637696902,30.9526383221],[103.63788567,30.9522428296],[103.637976222,30.9522883163],[103.637762892,30.9526853576   ],
    // [103.63788567,30.9522428296],[103.638172514,30.9512846435],[103.638347878,30.9513266781],[103.637976222,30.9522883163   ],
    // [103.638172514,30.9512846435],[103.638692785,30.9498636413],[103.6389217,30.949912759],[103.638347878,30.9513266781     ],
    // [103.638692785,30.9498636413],[103.639127667,30.9487917114],[103.639369068,30.9488660412],[103.6389217,30.949912759     ],
    // [103.639127667,30.9487917114],[103.639196734,30.9482784125],[103.639507614,30.9483688311],[103.639369068,30.9488660412  ],
    // [103.639196734,30.9482784125],[103.639379046,30.9479255213],[103.639659979,30.9480664395],[103.639507614,30.9483688311  ],
    // [103.639379046,30.9479255213],[103.639795407,30.9475465726],[103.640003811,30.9476474253],[103.639659979,30.9480664395  ],
    // [103.639795407,30.9475465726],[103.640418939,30.9467288211],[103.640641402,30.9468672926],[103.640003811,30.9476474253  ],
    // [103.640418939,30.9467288211],[103.641390935,30.9456769804],[103.641650012,30.9459258212],[103.640641402,30.9468672926  ],
    // [103.641390935,30.9456769804],[103.642501982,30.9448473476],[103.642732989,30.945222725],[103.641650012,30.9459258212   ],
    // [103.642501982,30.9448473476],[103.643653943,30.9444808359],[103.643757345,30.9448503924],[103.642732989,30.945222725   ],
    // [103.643653943,30.9444808359],[103.644778721,30.9444260727],[103.644800603,30.9446346016],[103.643757345,30.9448503924  ],
    // [103.644778721,30.9444260727],[103.645628546,30.9443725617],[103.645674171,30.9444685617],[103.644800603,30.9446346016  ],
    // [103.645628546,30.9443725617],[103.646070855,30.9441122885],[103.646104921,30.9441884192],[103.645674171,30.9444685617  ],
    // [103.646070855,30.9441122885],[103.64631827,30.9438283727],[103.646370113,30.9438942684],[103.646104921,30.9441884192   ],
    // [103.64631827,30.9438283727],[103.646638265,30.9434986581],[103.646689418,30.9435434187],[103.646370113,30.9438942684   ],
    // [103.646638265,30.9434986581],[103.646969388,30.9429468111],[103.647070982,30.9430033595],[103.646689418,30.9435434187  ],
    // [103.646969388,30.9429468111],[103.647394715,30.9422920838],[103.647505355,30.9423521274],[103.647070982,30.9430033595  ],
    // [103.647394715,30.9422920838],[103.647801695,30.9415762667],[103.647927237,30.9416401383],[103.647505355,30.9423521274  ],
    // [103.647801695,30.9415762667],[103.648090989,30.9408783704],[103.64820529,30.9409331247],[103.647927237,30.9416401383   ],
    // [103.648090989,30.9408783704],[103.648390729,30.9401578045],[103.648513607,30.9401998792],[103.64820529,30.9409331247   ],
    // [103.648390729,30.9401578045],[103.648776851,30.9391659587],[103.648911997,30.9392035505],[103.648513607,30.9401998792  ],
    // [103.648776851,30.9391659587],[103.649044497,30.937155745],[103.649324319,30.937208772],[103.648911997,30.9392035505    ],
    // [103.649044497,30.937155745],[103.649974812,30.9344309481],[103.650229654,30.9345091959],[103.649324319,30.937208772    ],
    // [103.649974812,30.9344309481],[103.650379886,30.9322339482],[103.650758312,30.9323999898],[103.650229654,30.9345091959  ],
    // [103.650379886,30.9322339482],[103.651063538,30.9312836796],[103.651454314,30.9315055563],[103.650758312,30.9323999898  ],

    // [103.67501700, 30.99355800],
    // [103.89757600, 30.75500300],
    // [103.95984500, 30.73719852],
    // [103.95673770, 30.65932092],
    // [103.97002870, 30.63504463],
    // [104.07041430, 30.55868411],
    // [103.98977100, 30.52488625],
    // [104.02118810, 30.45415475],
    // [104.03692200, 30.43076600],
    // [104.05547490, 30.44825319],
    // [104.06729060, 30.47404487],
    // [104.17691340, 30.58041889],
    // [104.12928140, 30.67387094],
    // [104.20512290, 30.56567066],
    // [104.24218700, 30.50995800],
    // [104.09463680, 30.55212751],
    // [104.10278812050821, 30.72120104675642],    //N
    // [104.15519848465917, 30.65103090243346],  //E
    // [104.06517080962657, 30.600493852883545],  //S
    // [103.98829668760298, 30.676370556920816],  //W
    // [103.64737199619412,30.996794798498655],
    // [104.08609036356209,30.60729094036951 ],
    // [104.07976646907629,30.60037899607225 ],
    // [104.07986914739014,30.599463022558297],
    // [103.98876573890446,30.408339613664523],
    // [104.04562387615442,30.508698362219818],
    // [104.04549043625595,30.508460920776628],
    // [104.07883649691938,30.56205626297232 ],
    // [104.08071360317989,30.561028921379176],
    // [104.06872976571321,30.537951793564275],
    // [104.06289143487813,30.532737317281203],
    // [104.06139425933358,30.532586281870095],
    // [104.07608924433589,30.54520429290625 ],
    // [104.07743386924268,30.54354223746043 ],
    // [104.0799444168806,30.598602449760023 ],
    // [104.04674885328858,30.50996846189402 ],
    // [103.99060313589871,30.4095997453946  ],
    // [104.08602355979384,30.628828155899626],
    // [104.08061082533096,30.569262902060657],
    // [104.0777021163376,30.565091580989986 ],
    // [104.07814242818857,30.562973925173182],
    // [104.07761129317804,30.566333283648817],
    // [104.08113473095,30.560622716433443   ],
    // [104.09210873767734,30.668998678723483],
    // [104.0941368753556,30.667517022350808 ],
    // [103.64737199619412,30.996794798498655],
    // [103.63953986205159,30.994898531653533],
    // [103.64210371859372,30.995131615288088],
    // [103.65342599339785,30.999339668450204],
    // [103.65278926212339,30.998860516731142],
    // [103.65372384432703,30.999480992241644],
    // [103.65640190429984,31.000058714825556],
    // [103.6879041139036,30.995566310433702 ],
    // [103.7015246017836,30.996398979618917 ],
    // [103.6311213299632,30.995856728797207 ],
    // [103.63154840888454,30.995793536653125],
    // [103.66104927146807,31.00025679649258 ],
    // [104.00429818080738,30.68824320493252 ],
    // [104.00884548900649,30.68664314286856 ],
    // [104.03017726493998,30.676278354243763],
    // [103.98293922655286,30.665317431329612],
    // [104.01504980516617,30.74936119367834 ],
    // [104.01382768177427,30.74970825812177 ],
    // [104.0407963504549,30.72470489328677  ],
    // [104.04558306676333,30.723842462757375],
    // [104.05217112740502,30.71308192290114 ],
    // [104.05461141373962,30.706918172885253],
    // [104.05754713341592,30.701427389969467],
    // [104.05828070710413,30.699398320026205],
    // [104.05805172398686,30.697337422800274],
    // [104.05749474652112,30.693983906704815],
    // [104.05796342063692,30.688812929612084],
    // [104.05817141756414,30.68815159023768 ],
    // [104.06224435195324,30.68433440220487 ],
    // [104.06641552224755,30.68264388088471 ],
    // [104.06955982558428,30.68093429920806 ],
    // [104.0712969121523,30.68073934182746  ],
    // [104.07517289277166,30.678736797855493],
    // [104.07707499805835,30.67789697062372 ],
    // [104.08227789681402,30.67552530234454 ],
    // [104.08415569458157,30.674769433032253],
    // [104.08517889445648,30.673736149752514],
    // [104.06109787523744,30.532372579357613],
    // [104.0555128455162,30.518165506184502 ],
    // [104.06016647815704,30.53032794236421 ],
    // [104.05324973165989,30.524443306279508],
    // [104.05648849904534,30.49410994666033 ],
    // [104.04709029011427,30.510340216381053],
    // [104.06162931933069,30.489605385482236],
    // [104.04125388711691,30.447951664664657],
    // [104.05238874256612,30.472048107768813],
    // [104.00766223669052,30.429054253384976],
    // [104.01846617460248,30.447323293702567],
    // [103.98023078218102,30.792621977188176],
    // [103.95330961793661,30.848368157594308],
    // [104.04443913605063,30.654041603119694],
    // [104.05356681905688,30.651303904952684],
    // [104.08176144585013,30.626174204836616],
    // [104.08329935744406,30.622302058067504],

    //黑臭水体造的数据
    // [103.97394418716429,30.383817879989223],
    // [103.98521214723586,30.396002880503318],
    // [103.96830685436723,30.362596642721158],
    // [104.05167192220689,30.472720819850565],
    // [104.01048861443995,30.409399652135576],
    // [104.06254425644872,30.489506486368555],
    // [104.01737200096248,30.535891968824657],
    // [103.99558424949646,30.543104484975956],
    // [103.9638101309538,30.58654727825838  ],
    // [103.96310336887835,30.596408560580343],
    // [103.96436266601086,30.605475275310596],
    // [103.96439535543321,30.609572881812312],
    // [103.95430505275728,30.612623393988756],
    // [103.84334734641016,30.703043026263288],
    // [103.83082109503445,30.726117096034898],
    // [103.81853055325338,30.750676617492857],
    // [103.98753456305712,30.780039435940182],
    // [104.01012746966443,30.769211235071637],
    // [103.87091224081814,30.82083569869056 ],
    // [103.8012682227418,30.848328507113848 ],

    //水质检测点造数据
    // [103.9546510577202,30.30938852191457  ],
    // [104.01090234518051,30.410033472149223],
    // [104.05579581856728,30.49522047645553 ],
    // [103.9955711737275,30.543083694571408 ],
    // [103.96418899297713,30.609900105729665],
    // [103.94834015518427,30.66005500831696 ],
    // [103.84775153361261,30.6959327088547  ],
    // [103.81631621159613,30.756645286681703],
    // [103.78135722130537,30.8129130798429  ],
    // [103.69020938873291,30.892649306578747],
    // [104.07896742224692,30.541548657404547],
    // [104.07812386751175,30.572385659647978],
    // [104.08595323562623,30.60910657139175 ],
    // [104.08153295516965,30.644895136935105],
    // [104.03583548963068,30.659961564337024],
    // [103.9825916290283,30.665388195368436 ],
    // [103.94494221545756,30.72476956130508 ],
    // [103.82745031267402,30.816434932325052],
    // [103.68187241256236,30.943416860149398],
    // [104.0605017542839,30.684948264893592 ],
    // [104.04733512550594,30.720820013107684],
    // [104.02498199371621,30.73802474249787 ],
    // [103.9634245634079,30.839369740971478 ],
    // [103.83872095495461,30.89037496193687 ],
    // [103.93849887885153,30.787494095243574],
    // [103.80131329642607,30.84830261915519 ],
    // [103.82544645108284,30.935577039175072],
    // [103.71540203690527,30.995299745546305],
    // [104.12542521022259,30.657730778799802],
    // [104.08919803798199,30.700185455906023],
    // [103.98101046681403,30.78889965288593 ]

    //断面位置
    // //石堤堰
    // [103.96495141088963,30.83726826173907],
    // [103.96525483578444,30.837433503005883],
    // ////罗家村
    // [104.01022579986602,30.751180026534996],
    // [104.01025681290774,30.7511919120998],
    // ////高桥
    // [104.04715325916187,30.721047098679307],
    // [104.04718213481829,30.721059744552164],
    // ////水津桥
    // [104.08209403976798,30.64924288272512],
    // [104.08249670639634,30.649108181401346],
    // ////永宁
    // [103.78354192245752,30.861857148830495],
    // [103.78354561049491,30.8618854974451],
    // ////武青桥
    // [103.98265176918358,30.665361915708516],
    // [103.98266509640962,30.665387870928214],
    // ////百花大桥
    // [104.0381668321788,30.659247464766352],
    // [104.03815208002922,30.659759678886743],
    // ////洞子口
    // [104.05631478410211,30.721404100759784],
    // [104.05632249545303,30.721431914369248],
    // //杆塔厂
    // [104.10846874583513,30.665843672289355],
    // [104.10847235005349,30.66587063674416],
    // //成仁桥
    // [104.08988837152718,30.610588599708905],
    // [104.09000907093288,30.610263109451964],
    // //共耕村大渡1号桥
    // [103.9060298167169,30.67163530578921]      ,
    // [103.9060174115002,30.671786989681053]     ,
    // //协和三江村街道                                  ,
    // [104.01905978098512,30.518982602035152]    ,
    // [104.01938030496238,30.51888468953301]     ,
    // //二江寺                                      ,
    // [104.04911611229181,30.498868610500907]    ,
    // [104.04927637428045,30.498432967857255]    ,
    // //安顺廊桥                                     ,
    // [104.08293105661869,30.643921316617153]    ,
    // [104.08326063305138,30.64457956945816]     ,
    // //永安大桥                                     ,
    // [103.9890135079622,30.40930943654361]      ,
    // [103.98931659758088,30.408525251347612]    ,
    // //迎宾大道府河桥                                  ,
    // [104.08206906169652,30.62340823665633]     ,
    // [104.08269871026278,30.623586539690237]    ,
    // //正公路                                      ,
    // [104.03784178197384,30.451490005461864]    ,
    // [104.03910107910635,30.451844930777526]    ,
    // //永安桥（扣缴）                                  ,
    // [104.0759640187025,30.591226952397804]     ,
    // [104.07689206302167,30.590968355358243]    ,
    // //黄龙溪                                      ,
    // [103.97021926939487,30.316949774846606]    ,
    // [103.9713055640459,30.316605936319064]     ,

    //底泥位置
    // [103.95328581333162,30.309018027525667],
    // [104.05127227306367,30.472149823983187],
    // [103.926588781178,30.73693567172225   ],
    // [103.93582329154015,30.73382445684996 ],
    // [103.94481447525321,30.72354176221903 ],
    // [103.96341919898988,30.83931677274518 ],
    // [103.874331722036,30.90630567492238   ],
    // [103.97376246750356,30.80755533184781 ],
    // [104.01496957987547,30.749333712287196],
    // [104.04354214668274,30.73077690490436 ],
    // [104.05355676077303,30.71998022778753 ],
    // [103.94243896007538,30.660597789154707],
    // [103.92712421715257,30.66133927707294 ],
    // [103.89653731137514,30.685135681094664],
    // [103.88509936630726,30.689171096151554],
    // [104.06617328524588,30.522711579697415],
    // [104.05736222863197,30.51681146301391 ],
    // [104.07218411564827,30.55168361195763 ],
    // [104.0721881389618,30.572666245000363 ],
    // [104.09408904612064,30.666746977428872],
    // [104.08161073923111,30.64486629168745 ],
    // [104.1081076534465,30.665884191066183 ],
    // [104.11395445000379,30.670169063952386],
    // [104.12437001243231,30.662377235241124]

    //湿地位置
    // [103.9350360631943,30.743993457347486],
    // [103.9388769865036,30.751480622823664],
    // [103.92587497830388,30.756468669836934],
    // [103.92198845744134,30.74696257536496],
    //
    // [103.92587095499039,30.6716828872638],
    // [103.92745882272719,30.67269795313902],
    // [103.92630010843277,30.674294353346298],
    // [103.92361253499982,30.673689939030197],
    //
    // [103.98613482713701,30.66014268406785],
    // [103.9850029349327,30.66102866614031],
    // [103.98290544748305,30.661886953527812],
    // [103.98313611745833,30.662745233292995],
    // [103.98542135953905,30.6619330977951],
    // [103.98650497198105,30.66058106162923],
    // //
    // [104.02657449245454,30.65714781995858],
    // [104.02664959430696,30.65875370624299],
    // [104.0303510427475,30.659492035811112],
    // [104.02816236019135,30.66337740222363],
    // [104.02523338794708,30.66420798285378],
    // [104.02369916439056,30.662131517893357],
    // [104.02571618556976,30.66090407540213],
    // [104.0218323469162,30.65783078635161],
    // //
    // [104.04099404811859,30.65989811466953],
    // [104.0403288602829,30.657858474076534],
    // [104.04238879680634,30.65702783887771],
    // [104.04237806797028,30.659270537532862],
    // //
    // [104.04063999652863,30.50741582490457],
    // [104.04305398464203,30.502377947050732],
    // [104.04968708753584,30.503089736450306],
    // [104.04977828264235,30.504263715377064],
    // [104.04539287090303,30.504023374388225],
    // [104.04317200183867,30.50843261263401],
    // //
    // [104.10053104162215,30.659630471977252],
    // [104.10349756479262,30.659884271100182],
    // [104.10516053438185,30.659496650353177],
    // [104.10502105951309,30.657780025501893],
    // [104.10456508398056,30.657161663919908],
    // [104.10028964281082,30.659053653310266],
    // //
    // [104.08467113971709,30.61597634331841],
    // [104.08776104450224,30.61766601092272],
    // [104.08603370189667,30.62264251083168],
    // [104.0840595960617,30.62256864999472],
    // [104.08384501934052,30.620537454892386],
    // [104.08275336027145,30.61846005217987],
    // //
    // [104.0548288822174,30.56327716426867],
    // [104.07145857810974,30.5634434527812],
    // [104.07555699348448,30.56558670143302],
    // [104.07575011253356,30.568228744523694],
    // [104.05600905418396,30.568043988605638],
    // //
    // [104.07650113105771,30.55507324382303],
    // [104.07808899879453,30.554056944138722],
    // [104.08094286918636,30.556459089878658],
    // [104.07826066017151,30.560561078220942],
    // [104.07817482948303,30.557493842029274],
    // //
    // [104.06894803047179,30.498439901177207],
    // [104.0691840648651,30.494261330760523],
    // [104.07196819782259,30.496082543914866],
    // [104.07298743724823,30.49834745687056],
    // //
    // [104.02880609035492,30.450273769495155],
    // [104.035307765007,30.44868292843941],
    // [104.03420269489287,30.447314044421717],
    // [104.02836620807646,30.44904364467601],
    // //
    // [104.06565427780151,30.446157877404588],
    // [104.06553626060484,30.423327707961008],
    // [104.07431244850159,30.423642260376127],
    // [104.0759003162384,30.44310553059107],
    // //
    // [104.07157659530638,30.41788764107116],
    // [104.08234834671019,30.419293945932708],
    // [104.0888285636902,30.429174516486142],
    // [104.09590959548952,30.416037209061514],
    // [104.072048664093,30.41018961330913],
    // //
    // [104.11338686943054,30.565623653580786],
    // [104.12960886955261,30.567360388649078],
    // [104.13220524787903,30.569522026097374],
    // [104.13767695426941,30.57035341228942],
    // [104.1461098194122,30.564773750621356],
    // [104.1462385654449,30.5648476555221],
    // [104.14660334587096,30.573013800216714],
    // [104.11488890647887,30.56972525449126],
    // //
    // [104.07432317733766,30.74519218060668],
    // [104.07355070114137,30.734200251753336],
    // [104.08385038375854,30.734532241123603],
    // [104.08436536788942,30.746409330498537],
    // //
    // [104.17049646377563,30.648065754105218],
    // [104.1717839241028,30.63687813465357],
    // [104.16835069656373,30.629271291414653],
    // [104.2000651359558,30.619595704519966],
    // [104.20100927352905,30.650133291252402],
    //
    //
    // [103.8583195209503,30.69343064607601],
    // [103.85605037212373,30.68936196399207],
    // [103.85824978351593,30.68824558359772],
    // [103.85998785495758,30.690386070190385],
    // [103.85906517505647,30.691659268151952],



    //检测终端 = 污水处理厂+排污口+监测点
    // [104.08609036356209,30.60729094036951     ],
    // [104.07976646907629,30.60037899607225     ],
    // [104.07986914739014,30.599463022558297    ],
    // [103.98876573890446,30.408339613664523    ],
    // [104.04562387615442,30.508698362219818    ],
    // [104.04549043625595,30.508460920776628    ],
    // [104.07883649691938,30.56205626297232     ],
    // [104.08071360317989,30.561028921379176    ],
    // [104.06872976571321,30.537951793564275    ],
    // [104.06289143487813,30.532737317281203    ],
    // [104.06139425933358,30.532586281870095    ],
    // [104.07608924433589,30.54520429290625     ],
    // [104.07743386924268,30.54354223746043     ],
    // [104.0799444168806,30.598602449760023     ],
    // [104.04674885328858,30.50996846189402     ],
    // [103.99060313589871,30.4095997453946      ],
    // [104.08602355979384,30.628828155899626    ],
    // [104.08061082533096,30.569262902060657    ],
    // [104.0777021163376,30.565091580989986     ],
    // [104.07814242818857,30.562973925173182    ],
    // [104.07761129317804,30.566333283648817    ],
    // [104.08113473095,30.560622716433443       ],
    // [104.09210873767734,30.668998678723483    ],
    // [104.0941368753556,30.667517022350808     ],
    // [103.64737199619412,30.996794798498655    ],
    // [103.63953986205159,30.994898531653533    ],
    // [103.64210371859372,30.995131615288088    ],
    // [103.65342599339785,30.999339668450204    ],
    // [103.65278926212339,30.998860516731142    ],
    // [103.65372384432703,30.999480992241644    ],
    // [103.65640190429984,31.000058714825556    ],
    // [103.6879041139036,30.995566310433702     ],
    // [103.7015246017836,30.996398979618917     ],
    // [103.6311213299632,30.995856728797207     ],
    // [103.63154840888454,30.995793536653125    ],
    // [103.66104927146807,31.00025679649258     ],
    // [104.00429818080738,30.68824320493252     ],
    // [104.00884548900649,30.68664314286856     ],
    // [104.03017726493998,30.676278354243763    ],
    // [103.98293922655286,30.665317431329612    ],
    // [104.01504980516617,30.74936119367834     ],
    // [104.01382768177427,30.74970825812177     ],
    // [104.0407963504549,30.72470489328677      ],
    // [104.04558306676333,30.723842462757375    ],
    // [104.05217112740502,30.71308192290114     ],
    // [104.05461141373962,30.706918172885253    ],
    // [104.05754713341592,30.701427389969467    ],
    // [104.05828070710413,30.699398320026205    ],
    // [104.05805172398686,30.697337422800274    ],
    // [104.05749474652112,30.693983906704815    ],
    // [104.05796342063692,30.688812929612084    ],
    // [104.05817141756414,30.68815159023768     ],
    // [104.06224435195324,30.68433440220487     ],
    // [104.06641552224755,30.68264388088471     ],
    // [104.06955982558428,30.68093429920806     ],
    // [104.0712969121523,30.68073934182746      ],
    // [104.07517289277166,30.678736797855493    ],
    // [104.07707499805835,30.67789697062372     ],
    // [104.08227789681402,30.67552530234454     ],
    // [104.08415569458157,30.674769433032253    ],
    // [104.08517889445648,30.673736149752514    ],
    // [104.06109787523744,30.532372579357613    ],
    // [104.0555128455162,30.518165506184502     ],
    // [104.06016647815704,30.53032794236421     ],
    // [104.05324973165989,30.524443306279508    ],
    // [104.05648849904534,30.49410994666033     ],
    // [104.04709029011427,30.510340216381053    ],
    // [104.06162931933069,30.489605385482236    ],
    // [104.04125388711691,30.447951664664657    ],
    // [104.05238874256612,30.472048107768813    ],
    // [104.00766223669052,30.429054253384976    ],
    // [104.01846617460248,30.447323293702567    ],
    // [103.98023078218102,30.792621977188176    ],
    // [103.95330961793661,30.848368157594308    ],
    // [104.04443913605063,30.654041603119694    ],
    // [104.05356681905688,30.651303904952684    ],
    // [104.08176144585013,30.626174204836616    ],
    // [104.08329935744406,30.622302058067504    ],
    // [103.66785049438477,30.997770220259255    ],
    // [103.89324188232418,30.764037837201016    ],
    // [103.95529747009279,30.739770144244048    ],
    // [103.94774436950682,30.662795991534992    ],
    // [103.97289276123047,30.637727405278767    ],
    // [104.06855106353758,30.556865600967896    ],
    // [103.9940071105957,30.524487205551623     ],
    // [104.02623653411864,30.45241026517465     ],
    // [104.03984069824217,30.427731349486336    ],
    // [104.0603542327881,30.447045814895446     ],
    // [104.06661987304683,30.480781444689157    ],
    // [104.16317939758298,30.573383292768554    ],
    // [104.11383211612703,30.67022947891941     ],
    // [104.19798374176024,30.559821994028752    ],
    // [104.23879623413085,30.512582844999542    ],
    // [104.0892791748047,30.547256701546004     ],
    // [103.9546510577202,30.30938852191457      ],
    // [104.01090234518051,30.410033472149223    ],
    // [104.05579581856728,30.49522047645553     ],
    // [103.9955711737275,30.543083694571408     ],
    // [103.96418899297713,30.609900105729665    ],
    // [103.94834015518427,30.66005500831696     ],
    // [103.84775153361261,30.6959327088547      ],
    // [103.81631621159613,30.756645286681703    ],
    // [103.78135722130537,30.8129130798429      ],
    // [103.69020938873291,30.892649306578747    ],
    // [104.07896742224692,30.541548657404547    ],
    // [104.07812386751175,30.572385659647978    ],
    // [104.08595323562623,30.60910657139175     ],
    // [104.08153295516965,30.644895136935105    ],
    // [104.03583548963068,30.659961564337024    ],
    // [103.9825916290283,30.665388195368436     ],
    // [103.94494221545756,30.72476956130508     ],
    // [103.82745031267402,30.816434932325052    ],
    // [103.68187241256236,30.943416860149398    ],
    // [104.0605017542839,30.684948264893592     ],
    // [104.04733512550594,30.720820013107684    ],
    // [104.02498199371621,30.73802474249787     ],
    // [103.9634245634079,30.839369740971478     ],
    // [103.83872095495461,30.89037496193687     ],
    // [103.93849887885153,30.787494095243574    ],
    // [103.80131329642607,30.84830261915519     ],
    // [103.82544645108284,30.935577039175072    ],
    // [103.71540203690527,30.995299745546305    ],
    // [104.12542521022259,30.657730778799802    ],
    // [104.08919803798199,30.700185455906023    ],
    // [103.98101046681403,30.78889965288593     ],
    // [103.963676609,30.6006255133],
    // [103.96399202,30.600432396],
    // [103.964063278,30.6004642804],
    // [103.963754652,30.6006649265],

    // [103.963754652,30.6006649265],
    // [103.964063278,30.6004642804],
    // [103.96413845,30.6004962143],
    // [103.96383437,30.6007040864],